<?xml version="1.0" encoding="UTF-8"?>
<document version="1.4.0">
  <chunk label="Chunk 10" enabled="1">
    <sensors next_id="2">
      <sensor id="0" label="ILCE-6000 (16mm)" type="frame">
        <resolution width="6000" height="3376"/>
        <property name="pixel_width" value="0.00418971530846188"/>
        <property name="pixel_height" value="0.00418971530846188"/>
        <property name="focal_length" value="16"/>
        <property name="fixed" value="0"/>
        <property name="layer_index" value="0"/>
        <bands>
          <band label="Red"/>
          <band label="Green"/>
          <band label="Blue"/>
        </bands>
        <calibration type="frame" class="adjusted">
          <resolution width="6000" height="3376"/>
          <fx>4009.05285586691</fx>
          <fy>4013.66961887812</fy>
          <cx>2967.13661185451</cx>
          <cy>1676.80660175066</cy>
          <skew>-1.76665092781691</skew>
          <k1>-0.0535245595711109</k1>
          <k2>0.0486805156277866</k2>
          <k3>-0.0132878147998258</k3>
          <p1>-0.000847043543306939</p1>
          <p2>-0.000633463440021884</p2>
        </calibration>
        <covariance>
          <params>f cx cy k1 k2 k3 p1 p2</params>
          <coeffs>3.1998001775149817e-02 -1.8413736428464214e-03 1.1254451790680832e-03 8.2583277370984959e-07 2.2937100633304635e-06 -1.4380361200846215e-06 1.3903528545420202e-07 9.6610520080514237e-08 -1.8413736428463774e-03 1.2922881455074081e-01 -4.6695467162247324e-03 3.9781292296639810e-07 -4.6671584468890756e-06 5.9773265025177211e-06 6.6527496920959317e-06 -2.2195731818473269e-07 1.1254451790680693e-03 -4.6695467162252129e-03 1.3553148976527388e-01 1.1983787025579812e-07 1.3444533002520425e-06 -1.4964665924458287e-06 -2.1034317173959680e-07 6.6183162408319603e-06 8.2583277370984387e-07 3.9781292296639572e-07 1.1983787025580718e-07 3.2445823290741891e-09 -9.6479994976277862e-09 8.8020376236205117e-09 3.5623163048143326e-11 1.0685370154426969e-11 2.2937100633304885e-06 -4.6671584468891798e-06 1.3444533002520391e-06 -9.6479994976277895e-09 3.2696003420676943e-08 -3.0981964086051904e-08 -2.5564789696645639e-10 6.3475726213094054e-11 -1.4380361200846425e-06 5.9773265025178727e-06 -1.4964665924459122e-06 8.8020376236205216e-09 -3.0981964086051904e-08 3.0306896799912909e-08 3.2540882427279409e-10 -6.8175027058898306e-11 1.3903528545420691e-07 6.6527496920959097e-06 -2.1034317173958079e-07 3.5623163048146363e-11 -2.5564789696645887e-10 3.2540882427279368e-10 3.6270106777388643e-10 -9.4181954123948606e-12 9.6610520080515481e-08 -2.2195731818474426e-07 6.6183162408319526e-06 1.0685370154426202e-11 6.3475726213095101e-11 -6.8175027058893950e-11 -9.4181954123950222e-12 3.3934135590756460e-10</coeffs>
        </covariance>
      </sensor>
      <sensor id="1" label="ILCE-6000 (33mm)" type="frame">
        <resolution width="6000" height="3376"/>
        <property name="pixel_width" value="0.004232467505487"/>
        <property name="pixel_height" value="0.004232467505487"/>
        <property name="focal_length" value="33"/>
        <property name="fixed" value="0"/>
        <property name="layer_index" value="0"/>
        <bands>
          <band label="Red"/>
          <band label="Green"/>
          <band label="Blue"/>
        </bands>
        <calibration type="frame" class="adjusted">
          <resolution width="6000" height="3376"/>
          <fx>8383.73961511622</fx>
          <fy>8396.01863619068</fy>
          <cx>2960.63345927292</cx>
          <cy>1649.65730308786</cy>
          <skew>-7.05768954350696</skew>
          <k1>0.0200674264311855</k1>
          <k2>-0.157799058449813</k2>
          <k3>0.648052083501821</k3>
          <p1>-0.00281533742772432</p1>
          <p2>0.000847172455160056</p2>
        </calibration>
        <covariance>
          <params>f cx cy k1 k2 k3 p1 p2</params>
          <coeffs>6.1164213114584931e-01 -1.4245181870458807e-02 -6.6054124152527274e-02 -9.0295127227302629e-05 1.2388986159697450e-03 -4.1727995597216792e-03 2.7894622891462386e-06 -9.5856039135790235e-07 -1.4245181870457714e-02 2.3488435802484116e+00 -7.5603550321106161e-02 3.2033268935961290e-06 -1.5251171291858534e-04 7.4934408267041878e-04 7.8881564769281410e-05 -3.4136544561303118e-06 -6.6054124152526386e-02 -7.5603550321106300e-02 1.5181419363107382e+00 4.0810234712520630e-05 -5.8219434005929330e-04 2.6590928818631581e-03 -3.2440497141569068e-06 4.4463440448119584e-05 -9.0295127227303036e-05 3.2033268935953137e-06 4.0810234712520955e-05 9.4378367187506214e-07 -1.2856220880913361e-05 5.0899943821705125e-05 1.6762249875608596e-10 1.6599263697595549e-10 1.2388986159697468e-03 -1.5251171291860965e-04 -5.8219434005929297e-04 -1.2856220880913368e-05 1.8440042061584132e-04 -7.5687991733068116e-04 -5.8919282769535299e-09 -1.9533847144412500e-09 -4.1727995597216749e-03 7.4934408267027361e-04 2.6590928818631988e-03 5.0899943821705132e-05 -7.5687991733068105e-04 3.1972172156159140e-03 2.7847744579850698e-08 8.0057638267587732e-09 2.7894622891463271e-06 7.8881564769281396e-05 -3.2440497141568708e-06 1.6762249875611992e-10 -5.8919282769526490e-09 2.7847744579855618e-08 2.8184100526523129e-09 -1.1923520879872668e-10 -9.5856039135784666e-07 -3.4136544561303457e-06 4.4463440448119509e-05 1.6599263697595834e-10 -1.9533847144414121e-09 8.0057638267579295e-09 -1.1923520879872784e-10 1.4872009099281543e-09</coeffs>
        </covariance>
      </sensor>
    </sensors>
    <cameras next_id="161" next_group_id="0">
      <camera id="0" sensor_id="0" label="DSC04295" enabled="1">
        <transform>9.9975308384972006e-01 1.4073691044375263e-02 1.7196003994011336e-02 -3.4418953207032722e+01 1.1070850688418857e-02 -9.8644921744523739e-01 1.6369293713142755e-01 3.5467782125726549e-01 1.9266748506411715e-02 -1.6346214430890790e-01 -9.8636145493420635e-01 -3.4284590885679331e+00 0.0000000000000000e+00 0.0000000000000000e+00 0.0000000000000000e+00 1.0000000000000000e+00</transform>
        <orientation>1</orientation>
      </camera>
      <camera id="1" sensor_id="0" label="DSC04296" enabled="1">
        <transform>9.9980472269617726e-01 1.0979521021067102e-03 1.9730964892791674e-02 -3.4451496767940711e+01 -1.2336714597486187e-03 -9.9303998152404860e-01 1.1777127472115810e-01 -3.8610599042607818e-01 1.9722944231237379e-02 -1.1777261819242439e-01 -9.9284470884169640e-01 -3.4414890439547849e+00 0.0000000000000000e+00 0.0000000000000000e+00 0.0000000000000000e+00 1.0000000000000000e+00</transform>
        <orientation>1</orientation>
      </camera>
      <camera id="2" sensor_id="0" label="DSC04297" enabled="1">
        <transform>9.9972960652050813e-01 2.8578102959152018e-03 2.3076974816083146e-02 -3.4465552511004780e+01 2.9804697908704944e-04 -9.9391244219044272e-01 1.1017244858415445e-01 -1.0274901269709218e+00 2.3251344355710524e-02 -1.1013578064980725e-01 -9.9364454650861422e-01 -3.3082823324949073e+00 0.0000000000000000e+00 0.0000000000000000e+00 0.0000000000000000e+00 1.0000000000000000e+00</transform>
        <orientation>1</orientation>
      </camera>
      <camera id="3" sensor_id="0" label="DSC04298" enabled="1">
        <transform>9.9958422572754235e-01 5.8192040123131381e-03 2.8240264540741723e-02 -3.4459093253600599e+01 3.6422094165561177e-03 -9.9706015401232784e-01 7.6536158719124767e-02 -1.6575754801019587e+00 2.8602622034246190e-02 -7.6401479995980362e-02 -9.9666679681184822e-01 -3.3006120818118805e+00 0.0000000000000000e+00 0.0000000000000000e+00 0.0000000000000000e+00 1.0000000000000000e+00</transform>
        <orientation>1</orientation>
      </camera>
      <camera id="4" sensor_id="0" label="DSC04299" enabled="1">
        <transform>9.9924575065598509e-01 2.3812812832449113e-03 3.8758989865652488e-02 -3.4459440959325711e+01 7.7161723649043579e-04 -9.9913853110819251e-01 4.1492171090504147e-02 -2.2713589895918402e+00 3.8824404732024365e-02 -4.1430968543028114e-02 -9.9838676896420786e-01 -3.3690812451978833e+00 0.0000000000000000e+00 0.0000000000000000e+00 0.0000000000000000e+00 1.0000000000000000e+00</transform>
        <orientation>1</orientation>
      </camera>
      <camera id="5" sensor_id="0" label="DSC04300" enabled="1">
        <transform>9.9931711417610192e-01 -3.6699409870893614e-04 3.6948215519550895e-02 -3.4443337056500276e+01 -1.0506506031305834e-03 -9.9982857866888730e-01 1.8485383692600922e-02 -3.0277493388078112e+00 3.6935097780536746e-02 -1.8511579951048143e-02 -9.9914619548875738e-01 -3.3767847549436278e+00 0.0000000000000000e+00 0.0000000000000000e+00 0.0000000000000000e+00 1.0000000000000000e+00</transform>
        <orientation>1</orientation>
      </camera>
      <camera id="6" sensor_id="0" label="DSC04301" enabled="1">
        <transform>9.9905776290065951e-01 2.5985115390189831e-03 4.3322443671983256e-02 -3.4478986213604237e+01 2.5527521096042655e-03 -9.9999612395956405e-01 1.1115406043715574e-03 -3.7293523189590259e+00 4.3325164103526347e-02 -9.9990181009982759e-04 -9.9906052386818522e-01 -3.4510896790939438e+00 0.0000000000000000e+00 0.0000000000000000e+00 0.0000000000000000e+00 1.0000000000000000e+00</transform>
        <orientation>1</orientation>
      </camera>
      <camera id="7" sensor_id="0" label="DSC04302" enabled="1">
        <transform>9.9848072959805101e-01 7.9637008254239937e-03 5.4523500350827148e-02 -3.4553466938820414e+01 9.9728353415899813e-03 -9.9927742314971890e-01 -3.6676615690479551e-02 -4.4063284651928907e+00 5.4192021337029314e-02 3.7164647885063275e-02 -9.9783867121443348e-01 -3.5309457416098233e+00 0.0000000000000000e+00 0.0000000000000000e+00 0.0000000000000000e+00 1.0000000000000000e+00</transform>
        <orientation>1</orientation>
      </camera>
      <camera id="8" sensor_id="0" label="DSC04303" enabled="1">
        <transform>9.9755500229075433e-01 1.2375676464663138e-03 6.9874786804784345e-02 -3.4630831159153146e+01 4.9539554156564809e-03 -9.9858019625711913e-01 -5.3038193491417557e-02 -5.1422331548366378e+00 6.9709939968653906e-02 5.3254671808337900e-02 -9.9614480081971657e-01 -3.6354847868042635e+00 0.0000000000000000e+00 0.0000000000000000e+00 0.0000000000000000e+00 1.0000000000000000e+00</transform>
        <orientation>1</orientation>
      </camera>
      <camera id="9" sensor_id="0" label="DSC04304" enabled="1">
        <transform>9.9729778017067638e-01 4.5760979593291234e-03 7.3322554470696813e-02 -3.4719783368202329e+01 1.0683896945554452e-02 -9.9648175186911425e-01 -8.3126244579662334e-02 -6.0880515092608096e+00 7.2684193692290830e-02 8.3684989808971683e-02 -9.9383792967866436e-01 -3.6516374884897806e+00 0.0000000000000000e+00 0.0000000000000000e+00 0.0000000000000000e+00 1.0000000000000000e+00</transform>
        <orientation>1</orientation>
      </camera>
      <camera id="10" sensor_id="0" label="DSC04305" enabled="1">
        <transform>9.9653446778658528e-01 3.7295924363296789e-03 8.3097200034451993e-02 -3.4719593725025248e+01 1.1203817845247262e-02 -9.9590923949182042e-01 -8.9661927039933476e-02 -6.9103681726304567e+00 8.2422866845295886e-02 9.0282206636095846e-02 -9.9249966961501801e-01 -3.6724074034961678e+00 0.0000000000000000e+00 0.0000000000000000e+00 0.0000000000000000e+00 1.0000000000000000e+00</transform>
        <orientation>1</orientation>
      </camera>
      <camera id="11" sensor_id="0" label="DSC04306" enabled="1">
        <transform>9.9740636436126306e-01 -5.6940412213158844e-03 7.1750416209364135e-02 -3.4778287958352578e+01 2.6392183424138460e-03 -9.9330218512664936e-01 -1.1551538230540793e-01 -7.7984900508066586e+00 7.1927594553051019e-02 1.1540514250757390e-01 -9.9071089336123597e-01 -3.6909832461732557e+00 0.0000000000000000e+00 0.0000000000000000e+00 0.0000000000000000e+00 1.0000000000000000e+00</transform>
        <orientation>1</orientation>
      </camera>
      <camera id="12" sensor_id="0" label="DSC04307" enabled="1">
        <transform>9.9760767577818388e-01 -8.0432738430691007e-03 6.8660257604635538e-02 -3.4974471865146270e+01 1.9657732751794839e-04 -9.9287415482406116e-01 -1.1916742021106505e-01 -8.8395352384167030e+00 6.9129491433134516e-02 1.1889583015518942e-01 -9.9049729680898391e-01 -3.6219136009529849e+00 0.0000000000000000e+00 0.0000000000000000e+00 0.0000000000000000e+00 1.0000000000000000e+00</transform>
        <orientation>1</orientation>
      </camera>
      <camera id="13" sensor_id="0" label="DSC04308" enabled="1">
        <transform>9.9805654301666213e-01 -1.3282457355862809e-02 6.0882783019670136e-02 -3.5142891925164449e+01 -3.5190106756716605e-03 -9.8747373761778046e-01 -1.5774420458145280e-01 -9.9445331384193612e+00 6.2215379975493659e-02 1.5722338834206703e-01 -9.8560136599577852e-01 -3.4399354830720061e+00 0.0000000000000000e+00 0.0000000000000000e+00 0.0000000000000000e+00 1.0000000000000000e+00</transform>
        <orientation>1</orientation>
      </camera>
      <camera id="14" sensor_id="0" label="DSC04309" enabled="1">
        <transform>9.9583230059688355e-01 2.8670466466289429e-03 9.1158154497791119e-02 -3.5132958150821388e+01 2.3110272863532354e-02 -9.7481770476813701e-01 -2.2180251973039980e-01 -1.2358105194478375e+01 8.8226664768029081e-02 2.2298480332548978e-01 -9.7082121583214409e-01 -3.1142114787025670e+00 0.0000000000000000e+00 0.0000000000000000e+00 0.0000000000000000e+00 1.0000000000000000e+00</transform>
        <orientation>1</orientation>
      </camera>
      <camera id="15" sensor_id="0" label="DSC04310" enabled="1">
        <transform>9.9664084959246990e-01 1.6152232523282756e-02 8.0287746936331408e-02 -3.5182111069164861e+01 2.9431961453774132e-02 -9.8550279153240272e-01 -1.6708682631142774e-01 -1.3620590702736665e+01 7.6424973461442183e-02 1.6888858240377136e-01 -9.8266773131362284e-01 -3.1228005224076751e+00 0.0000000000000000e+00 0.0000000000000000e+00 0.0000000000000000e+00 1.0000000000000000e+00</transform>
        <orientation>1</orientation>
      </camera>
      <camera id="16" sensor_id="0" label="DSC04311" enabled="1">
        <transform>9.0308022527028764e-01 4.0165074438519840e-02 -4.2758960876185326e-01 -3.0587493656727300e+01 -4.8135496425745924e-02 -9.7987784402308231e-01 -1.9370695593220991e-01 -1.1733493763350584e+01 -4.2676583826451431e-01 1.9551515948392409e-01 -8.8297493832065366e-01 -3.0123819842685045e+00 0.0000000000000000e+00 0.0000000000000000e+00 0.0000000000000000e+00 1.0000000000000000e+00</transform>
        <orientation>1</orientation>
      </camera>
      <camera id="17" sensor_id="0" label="DSC04312" enabled="1">
        <transform>8.9133531799901555e-01 3.8666582686548566e-02 -4.5169264580125568e-01 -3.0561481357301790e+01 -4.1884039750423201e-02 -9.8507085166089214e-01 -1.6697647864974802e-01 -1.0233870440803031e+01 -4.5140566910682378e-01 1.6775074542734253e-01 -8.7640892813046567e-01 -2.9278761500647081e+00 0.0000000000000000e+00 0.0000000000000000e+00 0.0000000000000000e+00 1.0000000000000000e+00</transform>
        <orientation>1</orientation>
      </camera>
      <camera id="18" sensor_id="0" label="DSC04313" enabled="1">
        <transform>8.8701876674375024e-01 2.8366670584219107e-02 -4.6086119325059560e-01 -3.0537036816872753e+01 -3.9279030076321296e-02 -9.8985727255066713e-01 -1.3652742499152970e-01 -8.5755693275618334e+00 -4.6005963226592683e-01 1.3920456881338600e-01 -8.7690776184318242e-01 -2.9394966193523735e+00 0.0000000000000000e+00 0.0000000000000000e+00 0.0000000000000000e+00 1.0000000000000000e+00</transform>
        <orientation>1</orientation>
      </camera>
      <camera id="19" sensor_id="0" label="DSC04314" enabled="1">
        <transform>8.8226507823451139e-01 1.8741828499992338e-02 -4.7037971426532460e-01 -3.0581603015480685e+01 -2.9383590694330750e-02 -9.9506634318829246e-01 -9.4760631339113721e-02 -7.4564148112944073e+00 -4.6983500968505915e-01 9.7425440816843401e-02 -8.7736158290404087e-01 -2.8867506346400345e+00 0.0000000000000000e+00 0.0000000000000000e+00 0.0000000000000000e+00 1.0000000000000000e+00</transform>
        <orientation>1</orientation>
      </camera>
      <camera id="20" sensor_id="0" label="DSC04315" enabled="1">
        <transform>8.8609068430520732e-01 2.6024037842320366e-03 -4.6350461344205945e-01 -3.0729099050100213e+01 -2.2529113962812656e-02 -9.9856051272752744e-01 -4.8675881557381249e-02 -6.1220486993002172e+00 -4.6296407874864304e-01 5.3573593456864764e-02 -8.8475653819146138e-01 -2.8433102434228759e+00 0.0000000000000000e+00 0.0000000000000000e+00 0.0000000000000000e+00 1.0000000000000000e+00</transform>
        <orientation>1</orientation>
      </camera>
      <camera id="21" sensor_id="0" label="DSC04316" enabled="1">
        <transform>8.8970637851247680e-01 -1.2649078703009110e-02 -4.5635793062264124e-01 -3.0799300535645330e+01 -1.0364673104340229e-02 -9.9991809523776076e-01 7.5084197757276485e-03 -4.8649651522643609e+00 -4.5641552732751606e-01 -1.9502881975372527e-03 -8.8976461088890924e-01 -2.8162888238724331e+00 0.0000000000000000e+00 0.0000000000000000e+00 0.0000000000000000e+00 1.0000000000000000e+00</transform>
        <orientation>1</orientation>
      </camera>
      <camera id="22" sensor_id="0" label="DSC04317" enabled="1">
        <transform>8.8197518968788224e-01 -4.4258173079388161e-02 -4.6921314867626990e-01 -3.0769093916643619e+01 -2.4529661317497037e-02 -9.9854231011227912e-01 4.8078588074962222e-02 -3.7571578758798605e+00 -4.7065705188669310e-01 -3.0894482214595075e-02 -8.8177518136882194e-01 -2.7767968293416416e+00 0.0000000000000000e+00 0.0000000000000000e+00 0.0000000000000000e+00 1.0000000000000000e+00</transform>
        <orientation>1</orientation>
      </camera>
      <camera id="23" sensor_id="0" label="DSC04318" enabled="1">
        <transform>8.9057881145983842e-01 -6.9599513647807421e-02 -4.4947223304534623e-01 -3.0697339254434723e+01 -7.9866845417523834e-03 -9.9046321746928945e-01 1.3754572952445177e-01 -2.6293935024645183e+00 -4.5475882998443462e-01 -1.1890551938565247e-01 -8.8264142436825177e-01 -2.6925544827784496e+00 0.0000000000000000e+00 0.0000000000000000e+00 0.0000000000000000e+00 1.0000000000000000e+00</transform>
        <orientation>1</orientation>
      </camera>
      <camera id="24" sensor_id="0" label="DSC04319" enabled="1">
        <transform>8.9392099858482332e-01 -1.0592007155787786e-01 -4.3552977708795843e-01 -3.0594146398635054e+01 -1.1437364744389132e-02 -9.7675154561483224e-01 2.1406915898078416e-01 -1.7916052099897066e+00 -4.4807860356952606e-01 -1.8637960344471838e-01 -8.7435016351743944e-01 -2.4836830278984996e+00 0.0000000000000000e+00 0.0000000000000000e+00 0.0000000000000000e+00 1.0000000000000000e+00</transform>
        <orientation>1</orientation>
      </camera>
      <camera id="25" sensor_id="0" label="DSC04320" enabled="1">
        <transform>9.1012114486049711e-01 -1.3922633576340240e-01 -3.9025059783133509e-01 -3.0436485632285365e+01 -3.7171968961905721e-03 -9.4456134399315783e-01 3.2831395017737863e-01 -9.2863798186215651e-01 -4.1432557744490384e-01 -2.9735482989811290e-01 -8.6018278348919031e-01 -2.1703476530905883e+00 0.0000000000000000e+00 0.0000000000000000e+00 0.0000000000000000e+00 1.0000000000000000e+00</transform>
        <orientation>1</orientation>
      </camera>
      <camera id="26" sensor_id="0" label="DSC04321" enabled="1">
        <transform>9.9852194073261613e-01 1.5371553950901021e-02 5.2131077148894020e-02 -2.9678803772813474e+01 1.3095912472829103e-02 -9.9895814395371418e-01 4.3716400870320818e-02 1.6637117523467631e+00 5.2748753085484407e-02 -4.2969081415421564e-02 -9.9768292913642731e-01 -2.9245315622867318e+00 0.0000000000000000e+00 0.0000000000000000e+00 0.0000000000000000e+00 1.0000000000000000e+00</transform>
        <orientation>1</orientation>
      </camera>
      <camera id="27" sensor_id="0" label="DSC04322" enabled="1">
        <transform>9.9767323236706507e-01 4.2921163423195749e-03 6.8041892651183086e-02 -2.9525297388015222e+01 6.0450330178866288e-03 -9.9965456772444861e-01 -2.5577388519127459e-02 4.1079003676088921e-01 6.7908607658114975e-02 2.5929191367062062e-02 -9.9735454981715832e-01 -3.0228279953721402e+00 0.0000000000000000e+00 0.0000000000000000e+00 0.0000000000000000e+00 1.0000000000000000e+00</transform>
        <orientation>1</orientation>
      </camera>
      <camera id="28" sensor_id="0" label="DSC04323" enabled="1">
        <transform>9.9856704596265733e-01 1.3458988773910113e-02 5.1794887185862865e-02 -2.9416586863899482e+01 1.5992229832611761e-02 -9.9868006255116515e-01 -4.8809642979453220e-02 -7.1334578612895749e-01 5.1069592737689046e-02 4.9568016744515074e-02 -9.9746423916530558e-01 -2.9755148823696143e+00 0.0000000000000000e+00 0.0000000000000000e+00 0.0000000000000000e+00 1.0000000000000000e+00</transform>
        <orientation>1</orientation>
      </camera>
      <camera id="29" sensor_id="0" label="DSC04324" enabled="1">
        <transform>9.9786183997467537e-01 1.3279453956117479e-02 6.3995346901026651e-02 -2.9411906883145129e+01 1.5492363015892583e-02 -9.9929465217539026e-01 -3.4207964304378793e-02 -1.5705269123342165e+00 6.3495944835392365e-02 3.5126261348074117e-02 -9.9736373041792914e-01 -2.9036511083647025e+00 0.0000000000000000e+00 0.0000000000000000e+00 0.0000000000000000e+00 1.0000000000000000e+00</transform>
        <orientation>1</orientation>
      </camera>
      <camera id="30" sensor_id="0" label="DSC04325" enabled="1">
        <transform>9.9871316217144068e-01 2.6241333098120838e-03 5.0647148289860042e-02 -2.9311207823826312e+01 4.7167842788888581e-03 -9.9913800959489085e-01 -4.1243056734756624e-02 -2.5198810459566769e+00 5.0495263655011891e-02 4.1428875282009066e-02 -9.9786465847893346e-01 -2.7697753696111960e+00 0.0000000000000000e+00 0.0000000000000000e+00 0.0000000000000000e+00 1.0000000000000000e+00</transform>
        <orientation>1</orientation>
      </camera>
      <camera id="31" sensor_id="0" label="DSC04326" enabled="1">
        <transform>9.9851876365107417e-01 8.9928016325955748e-04 5.4401010394277659e-02 -2.9329948026409454e+01 2.9470456531531459e-03 -9.9928951920103914e-01 -3.7573551028274373e-02 -3.4937448723223103e+00 5.4328570371845498e-02 3.7678217979942662e-02 -9.9781198546179395e-01 -2.8367164860967571e+00 0.0000000000000000e+00 0.0000000000000000e+00 0.0000000000000000e+00 1.0000000000000000e+00</transform>
        <orientation>1</orientation>
      </camera>
      <camera id="32" sensor_id="0" label="DSC04327" enabled="1">
        <transform>9.9686702878326616e-01 -3.1923722029659836e-03 7.9031232335966956e-02 -2.9315230291093435e+01 2.9319611661357448e-03 -9.9700702105354955e-01 -7.7255443650576752e-02 -4.2760289278782997e+00 7.9041321652311258e-02 7.7245121073404352e-02 -9.9387406684237967e-01 -2.9761878438336273e+00 0.0000000000000000e+00 0.0000000000000000e+00 0.0000000000000000e+00 1.0000000000000000e+00</transform>
        <orientation>1</orientation>
      </camera>
      <camera id="33" sensor_id="0" label="DSC04328" enabled="1">
        <transform>9.9729717824562392e-01 3.9555536140199899e-03 7.3366830781513903e-02 -2.8884706918159576e+01 8.6853211687181551e-03 -9.9789533685087983e-01 -6.4260889252058848e-02 -5.4215285508425941e+00 7.2958230923679201e-02 6.4724418011101251e-02 -9.9523255887938644e-01 -6.3109165945976349e+00 0.0000000000000000e+00 0.0000000000000000e+00 0.0000000000000000e+00 1.0000000000000000e+00</transform>
        <orientation>1</orientation>
      </camera>
      <camera id="34" sensor_id="0" label="DSC04329" enabled="1">
        <transform>9.9637116971205453e-01 1.2621323445251607e-02 8.4173596579474499e-02 -2.8979842407053042e+01 2.0673553403901795e-02 -9.9521585287668446e-01 -9.5488273482086397e-02 -6.4314405294113737e+00 8.2565709324693634e-02 9.6881930087215171e-02 -9.9186531105099451e-01 -6.0184595768475040e+00 0.0000000000000000e+00 0.0000000000000000e+00 0.0000000000000000e+00 1.0000000000000000e+00</transform>
        <orientation>1</orientation>
      </camera>
      <camera id="35" sensor_id="0" label="DSC04330" enabled="1">
        <transform>9.9705631906949976e-01 3.6363108325984409e-03 7.6586381603441930e-02 -2.8997227089878226e+01 1.2492730160815504e-02 -9.9323114693194192e-01 -1.1548082289881884e-01 -7.3156154198804808e+00 7.5648055472089651e-02 1.1609765720197818e-01 -9.9035281879515225e-01 -5.6558566746523082e+00 0.0000000000000000e+00 0.0000000000000000e+00 0.0000000000000000e+00 1.0000000000000000e+00</transform>
        <orientation>1</orientation>
      </camera>
      <camera id="36" sensor_id="0" label="DSC04331" enabled="1">
        <transform>9.9654989289145435e-01 9.6492235009065768e-03 8.2433024109647479e-02 -2.9207840838416189e+01 1.6469576236052767e-02 -9.9645799638709054e-01 -8.2463413068038352e-02 -5.0662962744817142e+00 8.1345338137086970e-02 8.3536542435359531e-02 -9.9317902819245452e-01 -4.1261387897368227e+00 0.0000000000000000e+00 0.0000000000000000e+00 0.0000000000000000e+00 1.0000000000000000e+00</transform>
        <orientation>1</orientation>
      </camera>
      <camera id="37" sensor_id="0" label="DSC04332" enabled="1">
        <transform>9.9476791372301876e-01 5.3069226387006136e-03 1.0202271511413477e-01 -2.9269754386996262e+01 1.4374645451660875e-02 -9.9598567061003929e-01 -8.8351080964577430e-02 -6.2503552480098818e+00 1.0114428997868394e-01 8.9355360844087670e-02 -9.9085087278214112e-01 -3.9365733200050461e+00 0.0000000000000000e+00 0.0000000000000000e+00 0.0000000000000000e+00 1.0000000000000000e+00</transform>
        <orientation>1</orientation>
      </camera>
      <camera id="38" sensor_id="0" label="DSC04333" enabled="1">
        <transform>9.9723805310077029e-01 5.4540549218113615e-03 7.4071038420534474e-02 -2.9375041904215248e+01 1.2674560429441052e-02 -9.9516813036759244e-01 -9.7363996521255144e-02 -6.7730434224947409e+00 7.3182108234915416e-02 9.8033900185499109e-02 -9.9248865658440288e-01 -3.5922513361796762e+00 0.0000000000000000e+00 0.0000000000000000e+00 0.0000000000000000e+00 1.0000000000000000e+00</transform>
        <orientation>1</orientation>
      </camera>
      <camera id="39" sensor_id="0" label="DSC04334" enabled="1">
        <transform>9.9492733691662683e-01 1.1452072905026214e-02 9.9942204709362187e-02 -2.9444430414675065e+01 2.2474752494685522e-02 -9.9369154175353991e-01 -1.0987267789480419e-01 -7.5354497806653136e+00 9.8053453566372240e-02 1.1156150713239192e-01 -9.8890826185751757e-01 -3.6192169918526989e+00 0.0000000000000000e+00 0.0000000000000000e+00 0.0000000000000000e+00 1.0000000000000000e+00</transform>
        <orientation>1</orientation>
      </camera>
      <camera id="40" sensor_id="0" label="DSC04335" enabled="1">
        <transform>9.9693479671821883e-01 1.3200466790708010e-02 7.7115230460083409e-02 -2.9510242202294652e+01 2.2798166063131623e-02 -9.9190244353018142e-01 -1.2493912975130342e-01 -8.3715752501666838e+00 7.4841530693607786e-02 1.2631425175079244e-01 -9.8916300733907103e-01 -3.5531358369811632e+00 0.0000000000000000e+00 0.0000000000000000e+00 0.0000000000000000e+00 1.0000000000000000e+00</transform>
        <orientation>1</orientation>
      </camera>
      <camera id="41" sensor_id="0" label="DSC04336" enabled="1">
        <transform>9.9561870719373047e-01 8.6981966614013036e-03 9.3100651236846160e-02 -2.9584405508164533e+01 2.2822577789742008e-02 -9.8815640427656570e-01 -1.5174337095978743e-01 -9.2247936788458293e+00 9.0678111079336293e-02 1.5320333567533076e-01 -9.8402551700097463e-01 -3.3910367391470908e+00 0.0000000000000000e+00 0.0000000000000000e+00 0.0000000000000000e+00 1.0000000000000000e+00</transform>
        <orientation>1</orientation>
      </camera>
      <camera id="42" sensor_id="0" label="DSC04337" enabled="1">
        <transform>9.9736609675031551e-01 5.0985740580084538e-03 7.2352426328458355e-02 -2.9591713207683256e+01 2.0152674769093253e-02 -9.7772889712522038e-01 -2.0890206659090618e-01 -1.0077008822510637e+01 6.9675955341072585e-02 2.0980993367539882e-01 -9.7525640371054911e-01 -3.2366608298896682e+00 0.0000000000000000e+00 0.0000000000000000e+00 0.0000000000000000e+00 1.0000000000000000e+00</transform>
        <orientation>1</orientation>
      </camera>
      <camera id="43" sensor_id="0" label="DSC04338" enabled="1">
        <transform>9.9658905146254062e-01 -1.2595172575875824e-02 8.1557489740536407e-02 -2.9655457482007847e+01 1.2842452489844967e-02 -9.5257372277119312e-01 -3.0403679727933619e-01 -1.1088102004687521e+01 8.1518917553165968e-02 3.0404714159750623e-01 -9.4916278991927738e-01 -3.0256554142505694e+00 0.0000000000000000e+00 0.0000000000000000e+00 0.0000000000000000e+00 1.0000000000000000e+00</transform>
        <orientation>1</orientation>
      </camera>
      <camera id="44" sensor_id="0" label="DSC04339" enabled="1">
        <transform>9.9858094010533049e-01 -1.7081515014699317e-02 5.0441331298413050e-02 -2.5099682261201629e+01 1.6667087605589988e-03 -9.3667615524556302e-01 -3.5019280728806707e-01 -1.0995964950336729e+01 5.3229015961796050e-02 3.4977993372861232e-01 -9.3531848576864252e-01 -2.6606718180703139e+00 0.0000000000000000e+00 0.0000000000000000e+00 0.0000000000000000e+00 1.0000000000000000e+00</transform>
        <orientation>1</orientation>
      </camera>
      <camera id="45" sensor_id="0" label="DSC04340" enabled="1">
        <transform>9.9849434128596370e-01 -1.5090819210062039e-02 5.2738198637033766e-02 -2.5118756706786286e+01 -2.1599495467511387e-05 -9.6152234642900447e-01 -2.7472673122782088e-01 -9.6280588175857673e+00 5.4854807933049983e-02 2.7431194741248655e-01 -9.6007494788344383e-01 -2.5353620223286431e+00 0.0000000000000000e+00 0.0000000000000000e+00 0.0000000000000000e+00 1.0000000000000000e+00</transform>
        <orientation>1</orientation>
      </camera>
      <camera id="46" sensor_id="0" label="DSC04341" enabled="1">
        <transform>9.9772144047145783e-01 -7.1055317426125088e-03 6.7092761474052146e-02 -2.5203022369845414e+01 9.9867568451109338e-03 -9.6793024465333666e-01 -2.5102052938564301e-01 -8.2766079372826571e+00 6.6724747367644346e-02 2.5111860326146007e-01 -9.6565379675364893e-01 -2.5418512874464994e+00 0.0000000000000000e+00 0.0000000000000000e+00 0.0000000000000000e+00 1.0000000000000000e+00</transform>
        <orientation>1</orientation>
      </camera>
      <camera id="47" sensor_id="0" label="DSC04342" enabled="1">
        <transform>9.9693935664028366e-01 -7.6035752106794405e-03 7.7808128275095798e-02 -2.5206050573281622e+01 8.6974196113410486e-03 -9.7829398893973440e-01 -2.0703918976002339e-01 -7.1185509545763423e+00 7.7693462233076480e-02 2.0708224657946478e-01 -9.7523364845448157e-01 -2.6546753482194907e+00 0.0000000000000000e+00 0.0000000000000000e+00 0.0000000000000000e+00 1.0000000000000000e+00</transform>
        <orientation>1</orientation>
      </camera>
      <camera id="48" sensor_id="0" label="DSC04343" enabled="1">
        <transform>9.9719273281899079e-01 -4.2146461722694546e-03 7.4758881550184883e-02 -2.5162568458996880e+01 7.2506666411390839e-03 -9.8828747043802556e-01 -1.5243130783558761e-01 -5.7427588589121461e+00 7.4525709968111489e-02 1.5254544415632731e-01 -9.8548252446245721e-01 -2.5057672394303538e+00 0.0000000000000000e+00 0.0000000000000000e+00 0.0000000000000000e+00 1.0000000000000000e+00</transform>
        <orientation>1</orientation>
      </camera>
      <camera id="49" sensor_id="0" label="DSC04344" enabled="1">
        <transform>9.9702768485001814e-01 -1.0637648978256524e-04 7.7044041474057717e-02 -2.5167483352355724e+01 6.6491930438715343e-03 -9.9614911719388555e-01 -8.7422677525388001e-02 -4.7645933057041949e+00 7.6756653616994241e-02 8.7675110481168314e-02 -9.9318754076339266e-01 -2.5181624615348595e+00 0.0000000000000000e+00 0.0000000000000000e+00 0.0000000000000000e+00 1.0000000000000000e+00</transform>
        <orientation>1</orientation>
      </camera>
      <camera id="50" sensor_id="0" label="DSC04345" enabled="1">
        <transform>9.9706845378204634e-01 2.3888318158632876e-03 7.6477395060463901e-02 -2.5181112957854690e+01 5.3795569032240101e-03 -9.9922769640520326e-01 -3.8923914297970992e-02 -3.7348855268995069e+00 7.6325348608465085e-02 3.9221221542760941e-02 -9.9631126508761803e-01 -2.3758270924571439e+00 0.0000000000000000e+00 0.0000000000000000e+00 0.0000000000000000e+00 1.0000000000000000e+00</transform>
        <orientation>1</orientation>
      </camera>
      <camera id="51" sensor_id="0" label="DSC04346" enabled="1">
        <transform>9.9715010492166734e-01 -4.0176670517801712e-04 7.5442076046612613e-02 -2.5123107269327946e+01 -2.4502094805384975e-03 -9.9963075600109574e-01 2.7061931383017997e-02 -2.7362926971607648e+00 7.5403346929760015e-02 -2.7169656607920270e-02 -9.9678289764200811e-01 -2.1060064800996141e+00 0.0000000000000000e+00 0.0000000000000000e+00 0.0000000000000000e+00 1.0000000000000000e+00</transform>
        <orientation>1</orientation>
      </camera>
      <camera id="52" sensor_id="0" label="DSC04347" enabled="1">
        <transform>9.9643561658694080e-01 9.6695376639882764e-03 8.3800728149392115e-02 -2.5097895180101396e+01 3.7688052819745284e-03 -9.9751962365502111e-01 7.0287954372648939e-02 -1.6084877920610041e+00 8.4272522827729388e-02 -6.9721592527062462e-02 -9.9400052385888615e-01 -2.0076958921549788e+00 0.0000000000000000e+00 0.0000000000000000e+00 0.0000000000000000e+00 1.0000000000000000e+00</transform>
        <orientation>1</orientation>
      </camera>
      <camera id="53" sensor_id="0" label="DSC04348" enabled="1">
        <transform>9.9797857801319889e-01 1.5292595011723817e-02 6.1683825793818287e-02 -2.5048279856463868e+01 1.5595802104555396e-02 -9.9986853329978009e-01 -4.4370117942172391e-03 4.6446279587732847e-01 6.1607863000353036e-02 5.3900514611529690e-03 -9.9808587734812471e-01 -1.9459593715010470e+00 0.0000000000000000e+00 0.0000000000000000e+00 0.0000000000000000e+00 1.0000000000000000e+00</transform>
        <orientation>1</orientation>
      </camera>
      <camera id="54" sensor_id="0" label="DSC04349" enabled="1">
        <transform>9.9862314542689301e-01 8.7991964851428118e-03 5.1714481133570571e-02 -2.5060801041113297e+01 7.9443853662113911e-03 -9.9982878633385353e-01 1.6711814962076878e-02 1.7963150795890248e+00 5.1852677451137495e-02 -1.6277965456082674e-02 -9.9852207170485663e-01 -1.7635140520609864e+00 0.0000000000000000e+00 0.0000000000000000e+00 0.0000000000000000e+00 1.0000000000000000e+00</transform>
        <orientation>1</orientation>
      </camera>
      <camera id="55" sensor_id="0" label="DSC04350" enabled="1">
        <transform>9.9797969142805476e-01 1.4649652477629791e-02 6.1821704760127327e-02 -2.0442923637243286e+01 1.3047235352749742e-02 -9.9957040421220611e-01 2.6244555105714225e-02 1.6478562686401677e+00 6.2179620027896856e-02 -2.5384930674153684e-02 -9.9774210102002547e-01 -1.5760531622201877e+00 0.0000000000000000e+00 0.0000000000000000e+00 0.0000000000000000e+00 1.0000000000000000e+00</transform>
        <orientation>1</orientation>
      </camera>
      <camera id="56" sensor_id="0" label="DSC04351" enabled="1">
        <transform>9.9800594259511866e-01 8.4381390591602920e-03 6.2553467961783016e-02 -2.0620413335942509e+01 9.4383713841323276e-03 -9.9983201373559494e-01 -1.5711825324904935e-02 4.3720128636358307e-01 6.2410381271409750e-02 1.6270897905260345e-02 -9.9791793359519998e-01 -1.8692186506361028e+00 0.0000000000000000e+00 0.0000000000000000e+00 0.0000000000000000e+00 1.0000000000000000e+00</transform>
        <orientation>1</orientation>
      </camera>
      <camera id="57" sensor_id="0" label="DSC04352" enabled="1">
        <transform>9.9836344579486536e-01 9.0029863174978745e-03 5.6474563636824772e-02 -2.0704400914849952e+01 1.0884804352724256e-02 -9.9939267488412886e-01 -3.3102906551372019e-02 -9.0690830029017877e-01 5.6142240201168848e-02 3.3663446426545507e-02 -9.9785511034412278e-01 -2.2038854679270283e+00 0.0000000000000000e+00 0.0000000000000000e+00 0.0000000000000000e+00 1.0000000000000000e+00</transform>
        <orientation>1</orientation>
      </camera>
      <camera id="58" sensor_id="0" label="DSC04353" enabled="1">
        <transform>9.9796073162046350e-01 6.5216853465290730e-03 6.3496816957937074e-02 -2.0859239442804480e+01 9.2144005455720226e-03 -9.9906639412033105e-01 -4.2207048723941612e-02 -1.8905635033336881e+00 6.3162274865101703e-02 4.2706062328904629e-02 -9.9708912303475916e-01 -2.2391641930252866e+00 0.0000000000000000e+00 0.0000000000000000e+00 0.0000000000000000e+00 1.0000000000000000e+00</transform>
        <orientation>1</orientation>
      </camera>
      <camera id="59" sensor_id="0" label="DSC04354" enabled="1">
        <transform>9.9817353920768748e-01 6.3282338245840737e-03 6.0079439763200654e-02 -2.0927819892626598e+01 1.0552706372102264e-02 -9.9747288247846455e-01 -7.0260153062225619e-02 -2.9498168750099114e+00 5.9482989281162205e-02 7.0765826334217061e-02 -9.9571781736062781e-01 -2.2837364480652793e+00 0.0000000000000000e+00 0.0000000000000000e+00 0.0000000000000000e+00 1.0000000000000000e+00</transform>
        <orientation>1</orientation>
      </camera>
      <camera id="60" sensor_id="0" label="DSC04355" enabled="1">
        <transform>9.9832929476275645e-01 -1.6137110364948001e-03 5.7758247507929870e-02 -2.0932893024350307e+01 1.7025033577200564e-03 -9.9835439388738623e-01 -5.7320203140486546e-02 -3.7565055686076203e+00 5.7755698427198889e-02 5.7322771587218165e-02 -9.9668369062443585e-01 -2.2736179619934171e+00 0.0000000000000000e+00 0.0000000000000000e+00 0.0000000000000000e+00 1.0000000000000000e+00</transform>
        <orientation>1</orientation>
      </camera>
      <camera id="61" sensor_id="0" label="DSC04356" enabled="1">
        <transform>9.9769116574934191e-01 -1.9253443529320541e-04 6.7913921372651231e-02 -2.0926804802753448e+01 4.4690129603549063e-03 -9.9764244954964632e-01 -6.8480440855338845e-02 -4.6202550201931283e+00 6.7766995719742568e-02 6.8625839062794777e-02 -9.9533819805332890e-01 -2.2549156657708886e+00 0.0000000000000000e+00 0.0000000000000000e+00 0.0000000000000000e+00 1.0000000000000000e+00</transform>
        <orientation>1</orientation>
      </camera>
      <camera id="62" sensor_id="0" label="DSC04357" enabled="1">
        <transform>9.9576059156045371e-01 -5.1233541373764246e-03 9.1840054102543436e-02 -2.0925047650936214e+01 -1.5387980372081921e-03 -9.9923572832006091e-01 -3.9058819097332075e-02 -5.5581013121341103e+00 9.1969975512532151e-02 3.8751909515022047e-02 -9.9500744374761529e-01 -2.2663715873282522e+00 0.0000000000000000e+00 0.0000000000000000e+00 0.0000000000000000e+00 1.0000000000000000e+00</transform>
        <orientation>1</orientation>
      </camera>
      <camera id="63" sensor_id="0" label="DSC04358" enabled="1">
        <transform>9.9414902931277782e-01 5.8786008597692743e-03 1.0785707936150160e-01 -2.0965406511983510e+01 8.6151580035866877e-03 -9.9965223433970840e-01 -2.4923672125148882e-02 -6.5478512783374194e+00 1.0767305405269681e-01 2.5707050230631422e-02 -9.9385394349441747e-01 -2.2859325035935720e+00 0.0000000000000000e+00 0.0000000000000000e+00 0.0000000000000000e+00 1.0000000000000000e+00</transform>
        <orientation>1</orientation>
      </camera>
      <camera id="64" sensor_id="0" label="DSC04359" enabled="1">
        <transform>9.9429146004579216e-01 9.4867703809615248e-03 1.0627555536314626e-01 -2.0971770936105063e+01 1.2024761772555397e-02 -9.9965699154426524e-01 -2.3265948529600740e-02 -7.6245073304491244e+00 1.0601838323762319e-01 2.4411072168334831e-02 -9.9406448582135398e-01 -2.3936769626849421e+00 0.0000000000000000e+00 0.0000000000000000e+00 0.0000000000000000e+00 1.0000000000000000e+00</transform>
        <orientation>1</orientation>
      </camera>
      <camera id="65" sensor_id="0" label="DSC04360" enabled="1">
